Learn Rate = 0.5
Learn Decay = 0.0001
Regularization = 0.35

Joint Average
[[1500.      2000.       450.     ]
 [1144.10145 2154.137    564.35575]
 [1006.30352 2271.36641  614.86861]
 [ 919.08462 2387.95394  653.27314]
 [ 871.56758 2485.16764  680.55663]
 [ 847.27614 2557.61701  698.8953 ]
 [ 833.78753 2605.42621  709.98126]
 [ 823.19572 2630.1384   714.95539]
 [ 811.04225 2633.22005  714.5204 ]
 [ 795.49113 2615.6376   709.06831]
 [ 776.79705 2577.95374  698.82883]
 [ 756.89595 2520.68295  684.03198]
 [ 738.98614 2444.71666  665.05357]
 [ 727.1243  2351.59815  642.49333]
 [ 726.10936 2243.38494  617.13653]
 [ 741.72932 2122.31481  589.77936]
 [ 779.89273 1991.63268  560.97281]
 [ 843.98107 1857.04115  531.01403]
 [ 934.19628 1725.0247   500.4662 ]
 [1200.      1500.       450.     ]]
[[-0.       0.9271   0.71609 -0.       3.0692   0.     ]
 [-0.39827  0.75988  0.86512 -0.       3.08739  0.01538]
 [-0.59551  0.67866  0.92831 -0.       3.10541  0.02999]
 [-0.75931  0.61111  0.98314 -0.      -3.16504  0.04387]
 [-0.88444  0.55875  1.02736 -0.      -3.15691  0.05708]
 [-0.97516  0.52103  1.05964 -0.      -3.15146  0.06965]
 [-1.03608  0.49747  1.07873 -0.      -3.147    0.08164]
 [-1.07066  0.48776  1.08357 -0.      -3.14212  0.09306]
 [-1.08159  0.49152  1.0733  -0.      -3.13561  0.10397]
 [-1.07136  0.50814  1.04738 -0.      -3.12632  0.11439]
 [-1.04254  0.53668  1.00572 -0.      -3.11319  0.12435]
 [-0.99793  0.57576  0.94873 -0.      -3.09528  0.13389]
 [-0.94044  0.62372  0.8774  -0.      -3.07192  0.14302]
 [-0.87275  0.6787   0.7933  -0.      -3.04279  0.15177]
 [-0.79669  0.73886  0.69846 -0.      -3.00812  0.16015]
 [-0.71253  0.80263  0.5952  -0.      -2.96863  0.16821]
 [-0.62015  0.86891  0.48572 -0.      -2.92543  0.17594]
 [-0.52106  0.93704  0.37183 -0.      -2.87967  0.18337]
 [-0.41767  1.00646  0.25443 -0.      -2.83169  0.19052]
 [-0.1974   1.13158  0.03295  0.      -2.73533  0.1974 ]]
------------------------------------
Legibility for each user
User1 legibility: 0.66921
User2 legibility: 0.90032
User3 legibility: 0.83348
------------------------------------
Average Legibility: 0.80100
------------------------------------


 Joint Max-Min
 [[1500.      2000.       450.     ]
 [1251.14974 1970.80182  503.18506]
 [1110.80997 1988.40209  540.06229]
 [ 991.22771 2021.46954  573.17957]
 [ 900.48799 2053.97104  598.87467]
 [ 833.74927 2078.51715  617.57663]
 [ 784.59621 2092.85469  630.27064]
 [ 748.30634 2096.54028  637.68749]
 [ 721.54935 2090.03328  640.37713]
 [ 702.14524 2074.21383  638.79847]
 [ 689.17364 2049.87081  633.38012]
 [ 683.42837 2017.08543  624.57022]
 [ 687.8615  1974.84038  612.8743 ]
 [ 706.42594 1922.04076  598.77517]
 [ 740.68369 1859.97175  582.54474]
 [ 789.06693 1792.30577  564.35173]
 [ 849.33078 1722.83771  544.41517]
 [ 919.8557  1654.4627   522.91473]
 [ 999.62897 1589.24763  499.95103]
 [1200.      1500.       450.     ]]
[[-0.       0.9271   0.71609 -0.       3.0692   0.     ]
 [-0.23724  0.87151  0.67832 -0.       3.16256  0.01538]
 [-0.36727  0.83328  0.66642 -0.       3.21269  0.02999]
 [-0.47947  0.79971  0.65774 -0.      -3.02825  0.04387]
 [-0.56484  0.77572  0.64693 -0.      -2.99344  0.05708]
 [-0.62601  0.76102  0.63265 -0.      -2.96446  0.06965]
 [-0.66777  0.75455  0.61448 -0.      -2.93982  0.08164]
 [-0.69396  0.75552  0.59205 -0.      -2.91836  0.09306]
 [-0.70766  0.7633   0.56508 -0.      -2.89918  0.10397]
 [-0.71131  0.77729  0.53348 -0.      -2.88157  0.11439]
 [-0.70646  0.79677  0.49746 -0.      -2.86503  0.12435]
 [-0.69322  0.82092  0.45752 -0.      -2.84923  0.13389]
 [-0.66997  0.84876  0.41443 -0.      -2.83398  0.14302]
 [-0.6346   0.87944  0.36888 -0.      -2.81911  0.15177]
 [-0.58758  0.91254  0.321   -0.      -2.80435  0.16015]
 [-0.53205  0.9479   0.27068 -0.      -2.78938  0.16821]
 [-0.47119  0.98524  0.21798 -0.      -2.77401  0.17594]
 [-0.40708  1.02425  0.16317 -0.      -2.75822  0.18337]
 [-0.34084  1.06474  0.1065  -0.      -2.74204  0.19052]
 [-0.1974   1.13158  0.03295  0.      -2.73533  0.1974 ]]
------------------------------------
Legibility for each user
User1 legibility: 0.73908
User2 legibility: 0.88755
User3 legibility: 0.80085
------------------------------------
Average Legibility: 0.80916
------------------------------------


 World Average
 [[1500.      2000.       450.     ]
 [1232.44446 2007.15677  524.47179]
 [1090.81685 1998.17812  563.15746]
 [ 968.12927 1989.63906  596.55343]
 [ 873.11323 1980.77765  622.55263]
 [ 802.20084 1970.42715  641.64131]
 [ 750.48303 1957.7166   654.53763]
 [ 713.8368  1942.07598  661.79498]
 [ 688.50807 1923.15821  663.83566]
 [ 671.77173 1900.81172  660.99592]
 [ 663.74518 1875.06904  653.63479]
 [ 669.10009 1846.10445  642.28975]
 [ 693.77603 1814.12416  627.57724]
 [ 736.241   1779.27009  609.85297]
 [ 790.37255 1741.71277  589.56821]
 [ 851.2603  1701.75857  567.40432]
 [ 915.67082 1659.85295  544.09793]
 [ 981.66812 1616.473    520.30726]
 [1048.51367 1571.77355  496.52211]
 [1200.      1500.       450.     ]]
------------------------------------
Legibility for each user
User1 legibility: 0.76240
User2 legibility: 0.88373
User3 legibility: 0.81242
------------------------------------
Average Legibility: 0.81952
------------------------------------


 World Max-Min
 [[1500.      2000.       450.     ]
 [1231.11302 1950.25338  487.20354]
 [1090.17132 1916.93932  509.87425]
 [ 974.05594 1887.0502   528.37704]
 [ 885.39385 1859.74383  541.8878 ]
 [ 818.96833 1834.1941   551.18521]
 [ 769.9114  1809.81767  556.96923]
 [ 734.3926  1786.1994   559.73809]
 [ 709.5385  1763.03439  559.84166]
 [ 693.99403 1740.09849  557.54574]
 [ 688.9143  1717.22763  553.13634]
 [ 697.88422 1694.29218  546.99432]
 [ 723.19243 1671.16623  539.44001]
 [ 762.52269 1647.72352  530.62282]
 [ 811.64478 1623.8698   520.72101]
 [ 867.10371 1599.5707   509.98526]
 [ 926.59087 1574.86816  498.65551]
 [ 988.67363 1549.8842   486.90921]
 [1052.53372 1524.73837  474.8564 ]
 [1200.      1500.       450.     ]]
------------------------------------
Legibility for each user
User1 legibility: 0.78285
User2 legibility: 0.90521
User3 legibility: 0.77976
------------------------------------
Average Legibility: 0.82261
------------------------------------

------------------------------------------------------------------------------------------------------------------------------------------------------------------------------------------------------------------------
